2.4492935982947064e-16
0.06342391965656452
0.12659245357374993
0.18925124436041063
0.2511479871810794
0.31203344569848707
0.37166245566032724
0.4297949120891719
0.4861967361004688
0.5406408174555982
0.5929079290546408
0.6427876096865396
0.690079011482112
0.7345917086575331
0.7761464642917572
0.8145759520503358
0.8497254299495144
0.881453363447582
0.9096319953545186
0.9341478602651068
0.9549022414440739
0.9718115683235419
0.9848077530122081
0.9938384644612541
0.998867339183008
0.9998741276738751
0.9968547759519423
0.9898214418809327
0.9788024462147785
0.9638421585599419
0.9450008187146683
0.9223542941045814
0.8959937742913355
0.8660254037844385
0.8325698546347713
0.7957618405308315
0.7557495743542582
0.7126941713788629
0.6667690005162915
0.6181589862206046
0.5670598638627703
0.5136773915734061
0.4582265217274099
0.4009305354066134
0.34202014332566866
0.2817325568414294
0.2203105327865397
0.1580013959733492
0.09505604330418263
0.03172793349806697
-0.0317279334980681
-0.09505604330418332
-0.1580013959733503
-0.2203105327865408
-0.28173255684143006
-0.3420201433256689
-0.40093053540661444
-0.4582265217274109
-0.5136773915734063
-0.5670598638627712
-0.6181589862206055
-0.6667690005162921
-0.712694171378863
-0.7557495743542588
-0.7957618405308323
-0.8325698546347714
-0.866025403784439
-0.8959937742913361
-0.9223542941045817
-0.9450008187146686
-0.9638421585599423
-0.9788024462147789
-0.9898214418809328
-0.9968547759519424
-0.9998741276738751
-0.998867339183008
-0.9938384644612541
-0.984807753012208
-0.9718115683235415
-0.9549022414440738
-0.9341478602651064
-0.9096319953545182
-0.8814533634475817
-0.8497254299495142
-0.8145759520503356
-0.7761464642917564
-0.7345917086575331
-0.6900790114821115
-0.642787609686539
-0.5929079290546398
-0.5406408174555971
-0.4861967361004685
-0.42979491208917103
-0.3716624556603272
-0.3120334456984864
-0.2511479871810788
-0.18925124436041002
-0.12659245357374868
-0.06342391965656421
0.0
